0,16
1,16
2,16
3,16
4,16.333
5,16.333
6,17.333
7,17.333
8,17.667
9,17.667
10,17.667
11,18.667
12,18.667
13,18.667
14,18.667
15,18.667
16,18.667
17,18.667
18,18.667
19,18.667
20,18.667
21,18.667
22,18.667
23,18.667
24,18.667
25,18.667
26,18.667
27,18.667
28,18.667
29,18.667
30,19
31,19.667
32,20.667
33,20.667
34,20.333
35,20.333
36,20.333
37,20.333
38,20.333
39,20.333
40,20.333
41,20.333
42,20.667
43,20.667
44,20.667
45,20.667
46,21.333
47,22
48,22
49,22
50,22
51,22
52,22
53,22
54,21.333
55,22
56,22
57,22
58,22
59,23
60,23
61,23
62,24
63,24
64,23.333
65,23.333
66,23
67,23
68,23
69,23
70,23.333
71,23.333
72,23.667
73,23.667
74,23.333
75,23.333
76,23.333
77,22.667
78,22.667
79,22
80,22.667
81,23.667
82,24.667
83,25.667
84,27.667
85,27.667
86,26.333
87,25.667
88,25.667
89,26
90,25.333
91,24.667
92,24.333
93,24.333
94,27.333
95,27.333
96,27.333
97,27.333
98,27.333
99,27.333
100,27.333
101,27.333
102,27.333
103,27.333
104,27.333
105,27.333
106,28
107,28
108,28
109,28
110,28.667
111,28.667
112,28
113,28.667
114,28.333
115,28.333
116,27.667
117,27.667
118,29.333
119,29.333
120,29.667
121,29.667
122,29.667
123,29.667
124,30.667
125,30
126,29.667
127,29.333
128,29.333
129,29.333
130,31
131,30.333
132,29.667
133,29.667
134,29
135,29
136,30.667
137,30.667
138,32.333
139,33.333
140,34
141,34.667
142,35
143,35
144,35
145,35
146,35
147,35.667
148,36
149,36
150,37
151,37
152,38.333
153,38.333
154,37.333
155,37.333
156,37.333
157,38.333
158,38.333
159,38.333
160,39.667
161,40.667
162,42
163,42
164,42
165,42
166,41.667
167,41.667
168,42.667
169,42.667
170,42.667
171,42.667
172,43.667
173,44
174,43.667
175,44.667
176,45.667
177,46.667
178,47
179,47
180,48.667
181,48.667
182,51.667
183,50.667
184,50.333
185,50.333
186,51.333
187,53.333
188,55.667
189,57.667
190,55.333
191,55.333
192,54.667
193,54.667
194,54.667
195,54.667
196,55
197,55
198,55.333
199,56
200,57
201,57
202,58
203,58.667
204,61
205,63.333
206,65.667
207,66.333
208,67
209,67.667
210,68.667
211,69.667
212,69.667
213,70.667
214,70.667
215,73
216,76.333
217,79.667
218,81.333
219,82
220,82.333
221,82
222,86
223,87.667
224,89
225,90
226,92
227,92.333
228,93.667
229,94.667
230,97.333
231,99
232,100.667
233,102.333
234,104.333
235,105.667
236,107.667
237,110
238,113
239,115.667
240,118.667
241,121.667
242,125
243,128.333
244,131.667
245,134.333
246,137
247,138
248,139.333
249,139.667
250,140.333
251,141
252,141.667
253,141.667
254,140.667
255,140.333
256,141
257,140.333
258,139.667
259,138.667
260,137.667
261,136.333
262,135
263,133.667
264,133
265,131.667
266,131
267,130.333
268,130
269,129.667
270,128.333
271,128.333
272,128.333
273,128.333
274,128.333
275,128.333
276,128.333
277,128.333
278,129
279,129.667
280,130.667
281,132.333
282,134
283,136
284,137
285,139
286,139.333
287,140.333
288,142.333
289,144.667
290,149.333
291,154
292,159.667
293,163.667
294,173.333
295,176.333
296,177.333
297,178.333
298,184
299,185.667
300,184
301,185.333
302,180
303,178.667
304,181.667
305,183
306,188
307,195
308,207.333
309,228.333
310,244.333
311,250
312,253.667
313,254
314,252.667
315,253.333
316,253.333
317,253.333
318,254
319,255
320,255
321,254.667
322,253.333
323,253.333
324,254.333
325,255
326,254.333
327,254.667
328,253.667
329,250
330,249.667
331,254
332,247.667
333,237.333
334,226.333
335,220.667
336,217
337,215.667
338,213.667
339,211
340,206
341,201.333
342,196.667
343,193.333
344,188.333
345,184.667
346,182.333
347,180.667
348,178.667
349,176.333
350,176.333
351,179.333
352,185.333
353,187
354,185.667
355,181.333
356,176.333
357,177
358,177.667
359,177.333
360,178.667
361,174
362,170.667
363,172.333
364,167.333
365,168.333
366,169
367,169
368,168.333
369,166.667
370,165.333
371,164
372,162.667
373,162
374,162
375,160.333
376,161
377,160.333
378,161
379,161
380,161
381,162
382,162.333
383,162.667
384,162.667
385,163.333
386,163.667
387,165
388,165.667
389,166
390,167.667
391,168.333
392,168.333
393,169
394,169.667
395,169.667
396,170
397,170
398,170
399,170
400,170
401,170
402,170
403,169.667
404,170
405,169.667
406,170
407,170.333
408,169.667
409,169.333
410,170.333
411,168.333
412,175.333
413,181.667
414,186
415,189.667
416,194
417,197.333
418,198.667
419,200
420,204.667
421,208.333
422,209
423,217
424,225
425,236
426,246.333
427,252.667
428,253.667
429,251.667
430,252.667
431,254.667
432,253.667
433,253.667
434,254.667
435,254
436,252
437,252
438,252.333
439,254.667
440,254
441,253.333
442,252.667
443,252
444,254
445,250.333
446,239
447,226.333
448,211.333
449,200
450,188.333
451,178
452,168.667
453,167.333
454,178
455,183.333
456,184.333
457,181.333
458,180
459,175.333
460,169
461,166.667
462,163.667
463,159
464,154
465,148.667
466,144.667
467,141
468,138.333
469,136.333
470,135.333
471,135.333
472,136
473,135.333
474,134
475,131.667
476,130.667
477,130
478,129
479,128.333
480,127.667
481,127.667
482,127
483,126.667
484,126.333
485,126.333
486,125.667
487,125.667
488,125.667
489,125.667
490,125
491,125
492,125
493,125
494,126
495,126
496,126.333
497,127.333
498,128.333
499,129
500,129.667
501,130.333
502,131
503,131
504,131
505,131
506,131
507,131
508,130.333
509,130
510,128.667
511,127.667
512,126.667
513,125.667
514,124.333
515,121.667
516,119
517,116.333
518,113
519,110
520,107
521,104.667
522,103
523,102
524,102
525,101
526,100.667
527,99
528,96.667
529,95
530,92.333
531,88.333
532,84
533,81.333
534,79.333
535,78
536,76
537,74.667
538,71.667
539,69.667
540,68.333
541,68
542,66.667
543,65.667
544,64.667
545,64.333
546,64.333
547,63.333
548,63
549,61.333
550,61
551,59.667
552,58.667
553,57
554,56.333
555,56
556,54
557,54.333
558,54
559,52.667
560,52.333
561,52.333
562,51.667
563,50.333
564,50.333
565,50
566,50.333
567,50
568,50
569,49.667
570,49.667
571,49.667
572,48.667
573,47
574,45.667
575,45.333
576,44.333
577,43.333
578,43
579,41.667
580,42.333
581,41.333
582,41
583,39.667
584,38.333
585,37.667
586,37.667
587,36.667
588,35.667
589,34.667
590,33.333
591,33.333
592,33
593,33
594,31.667
595,31.333
596,30.333
597,30.333
598,30.333
599,30.333
600,30
601,30
602,30.667
603,30.667
604,30.667
605,30.667
606,32
607,32
608,31.667
609,31.667
610,31.667
611,31
612,30.667
613,30.667
614,30.333
615,29.333
616,28.333
617,28.333
618,27.667
619,27.667
620,27.333
621,26.667
622,25
623,25
624,24.667
625,23.667
626,23.667
627,23
628,22.667
629,22.333
630,22.333
631,23
632,23
633,23.333
634,23.333
635,23.333
636,23.667
637,23.667
638,23.333
639,23.667
640,24.333
641,24
642,24
643,23
644,23
645,21.667
646,22.333
647,21.333
648,21
649,20.333
650,20
651,20
652,20
653,20
654,20.333
655,20.333
656,20
657,20
658,19.333
659,19.333
660,18.667
661,18.667
662,19
663,19
664,19
665,19
666,19.667
667,19.667
668,20
669,19.667
670,18
671,17.667
672,17
673,17
674,16
675,15.333
676,15
677,14.667
678,14.333
679,14.333
680,14.333
681,14.333
682,14.333
683,14.333
684,15
685,15
686,15
687,15
688,15
689,15
690,15
691,15
692,15
693,15
694,15
695,15
696,15
697,15
698,15
699,15
700,14.667
701,14.333
702,13
703,12.667
704,12
705,12
706,12
707,12
708,12
709,12
710,11.667
711,11.667
712,11.333
713,11.333
714,11.333
715,11.333
716,11.333
717,11
718,11
719,11
720,11
721,11
722,10
723,10
724,10
725,10
726,10
727,10
728,10
729,10
730,10
731,10
732,10
733,10
734,9.667
735,9.667
736,9
737,9
738,8
739,8
740,7.667
741,7.667
742,7.667
743,7.667
744,8
745,8
746,8
747,8
748,8.333
749,8.333
750,8.333
751,8.333
752,8.333
753,8.333
754,8
755,8
756,8
757,8
758,8
759,8
760,8
761,8
762,7
763,7
764,7
765,7
766,7.333
767,7.333
768,7.333
769,7.333
770,7
771,7
772,6.333
773,6.333
774,6
775,6
776,6
777,6
778,5
779,5
780,5
781,5
782,5.667
783,5.667
784,5.667
785,5.667
786,5.667
787,5.667
788,5.667
789,5.667
790,5.667
